+029.92
+029.75
+029.86
+029.86
+029.77
+029.64
+029.76
+029.77
+029.88
+029.81
+029.73
+029.76
+029.93
+030.05
+029.70
+029.98
+029.92
+029.89
+029.72
+029.78
+029.67
+029.67
+029.84
+029.97
+029.95
+029.72
+029.54
+029.85
+029.52
+029.50
+030.25
+030.13
+030.47
+030.93
+031.65
+030.80
+031.07
+031.55
+032.67
+032.98
+032.89
+033.35
+034.16
+035.05
+034.90
+035.33
+035.60
+035.70
+035.79
+035.90
+035.65
+036.57
+036.48
+036.72
+037.39
+036.24
+037.94
+037.62
+036.71
+037.76
+037.95
+038.19
+037.32
+038.20
+038.16
+037.98
+038.15
+038.22
+038.44
+039.07
+038.44
+038.82
+039.29
+038.55
+038.09
+038.81
+038.66
+039.41
+039.04
+038.60
+039.32
+039.43
+039.58
+039.31
+039.21
+039.23
+039.71
+039.21
+039.26
+039.10
+039.26
+039.29
+038.95
+039.31
+039.36
+038.91
+039.95
+039.61
+039.53
+039.81
+039.81
+039.87
+039.88
+039.87
+039.95
+039.81
+039.82
+039.72
+039.89
+039.72
+039.71
+039.70
+039.73
+039.65
+039.46
+039.30
+039.37
+039.05
+039.10
+039.02
+038.88
+038.99
+038.80
+038.76
+038.52
+038.47
+038.64
+038.31
+037.98
+038.34
+038.15
+038.18
+038.13
+037.94
+037.96
+037.63
+037.73
+037.50
+037.58
+037.37
+037.62
+037.43
+037.21
+037.23
+037.06
+037.22
+036.84
+036.77
+037.05
+036.89
+036.79
+036.58
+036.74
+036.44
+036.37
+036.54
+036.35
+036.37
+036.34
+036.23
+036.29
+036.19
+035.94
+036.40
+035.91
+035.92
+036.23
+035.90
+035.78
+035.71
+035.82
+035.81
+035.74
+035.45
+035.61
+035.35
+035.48
+035.57
+035.33
+035.32
+035.17
+035.21
+035.30
+035.05
+035.00
+035.12
+035.00
+035.11
+035.05
+034.72
+034.73
+034.87
+034.90
+034.58
+034.74
+034.60
+034.75
+034.52
+034.55
+034.55
+034.40
+034.42
+034.52
+034.45
+034.43
+034.18
+034.34
+034.30
+034.32
+034.04
+034.21
+034.04
+034.17
+034.13
+033.90
+034.13
+034.21
+033.85
+033.82
+033.87
+033.83
+033.88
+033.92
+033.78
+033.67
+033.75
+033.90
+033.76
+033.58
+033.71
+033.41
+033.61
+033.24
+033.46
+033.84
+033.42
+033.55
+033.54
+033.42
+033.36
+033.42
+033.37
+033.30
+033.40
+033.38
+033.20
+033.17
+033.16
+033.40
+033.05
+033.08
+033.12
+033.06
+033.05
+033.23
+033.06
+033.00
+033.05
+033.03
+033.17
+032.83
+033.05
+033.01
+032.87
+032.79
+032.81
+032.81
+032.86
+032.66
+032.77
+032.59
+032.73
+032.76
+032.72
+032.61
+032.49
+032.60
+032.67
+032.73
+032.56
+032.41
+032.71
+032.64
+032.43
+032.34
+032.43
+032.43
+032.48
+032.37
+032.31
+032.52
+032.32
+032.60
+032.14
+032.18
+032.28
+032.20
+032.43
+032.31
+032.19
+031.91
+032.31
+032.13
+032.17
+032.19
+032.17
+032.13
+032.16
+032.40
+032.04
+032.15
+032.21
+032.18
+032.13
+032.04
+032.07
+032.03
+031.93
+031.86
+032.01
+031.95
+031.85
+031.86
+031.83
+031.95
+031.89
+031.68
+031.92
+032.08
+031.84
+031.61
+031.71
+031.97
+031.91
+031.65
+031.93
+031.83
+031.81
+031.84
+031.66
+031.90
+031.80
+031.27
+031.58
+031.75
+031.70
+031.79
+031.72
+031.79
+031.52
+031.70
+031.52
+031.52
+031.42
+031.40
+031.70
+031.31
+031.48
+031.56
+031.46
+031.72
+031.79
+031.57
+031.23
+031.49
+031.45
+031.30
+031.38
+031.62
+031.40
+031.39
+031.30
+031.35
+031.36
+031.20
+031.34
+031.11
+031.43
+031.19
+031.08
+031.31
+031.29
+031.18
+031.47
+031.23
+031.24
+031.17
+031.26
+031.26
+031.10
+031.15
+031.23
+031.13
+031.29
+031.20
+031.22
+031.09
+030.96
+031.20
+030.98
+031.12
+031.11
+031.07
+030.88
+031.08
+031.20
+031.28
+030.97
+030.91
+030.97
+031.04
+031.07
+031.03
+031.17
+030.99
+031.17
+031.03
+031.01
+031.12
+031.14
+030.97
+031.06
+030.91
+030.83
+031.03
+030.87
+030.95
+030.96
+030.91
+031.02
+030.87
+031.02
+030.97
+030.85
+030.90
+030.72
+030.81
+030.94
+030.75
+030.72
+030.91
+031.05
+030.79
+031.05
+030.63
+031.00
+030.92
+030.87
+030.94
+030.92
+030.92
+030.90
+030.73
+030.85
+030.95
+030.48
+030.72
+030.99
+030.66
+030.72
+030.82
+030.65
+030.71
+030.88
+030.83
+030.78
+030.55
+030.74
+030.78
+030.82
+030.57
+030.83
+030.99
+030.70
+030.79
+030.53
+030.58
+030.77
+030.50
+030.70
+030.59
+030.62
+030.57
+030.63
+030.76
+030.41
+030.35
+030.63
+030.60
+030.79
+030.48
+030.47
+030.63
+030.77
+030.55
+030.79
+030.60
+030.49
+030.48
+030.62
+030.52
+030.57
+030.50
+030.79
+030.53
+030.42
+030.51
+030.32
+030.50
+030.50
+030.58
+030.54
+030.66
+030.54
+030.30
+030.60
+030.38
+030.35
+030.33
+030.43
+030.49
+030.56
+030.47
+030.62
+030.58
+030.48
+030.44
+030.41
+030.42
+030.57
+030.50
+030.41
+030.53
+030.47
+030.47
+030.56
+030.54
+030.60
+030.32
+030.33
+030.51
+030.49
+030.50
+030.48
+030.39
+030.33
+030.45
+030.51
+030.32
+030.32
+030.29
+030.65
+030.38
+030.30
+030.63
+030.26
+030.46
+030.47
+030.33
+030.20
+030.22
+030.35
+030.27
+030.69
+029.36
+030.57
+030.00
+030.90
+030.71
+030.88
+031.01
+031.23
+031.37
+032.29
+031.67
+031.93
+032.32
+033.22
+033.40
+033.58
+034.15
+034.37
+034.44
+035.24
+035.63
+036.24
+036.30
+036.91
+036.61
+037.31
+037.31
+037.77
+037.98
+038.21
+038.06
+038.50
+038.84
+039.00
+039.27
+038.91
+039.54
+039.01
+039.76
+039.74
+039.82
+039.88
+039.76
+039.94
+040.16
+040.18
+039.73
+040.33
+040.44
+040.23
+040.47
+040.37
+040.61
+040.36
+040.48
+040.42
+040.66
+040.60
+040.59
+040.57
+040.57
+040.55
+040.49
+040.46
+040.55
+040.54
+040.20
+040.35
+040.42
+040.32
+040.25
+040.27
+040.03
+039.99
+040.07
+039.91
+039.82
+039.74
+039.81
+039.56
+039.53
+039.66
+039.61
+039.55
+039.41
+039.35
+039.20
+039.29
+039.07
+039.16
+039.14
+039.05
+039.10
+038.86
+038.92
+038.76
+038.75
+038.59
+038.47
+038.57
+038.51
+038.39
+038.39
+038.34
+038.27
+038.18
+038.09
+038.12
+038.05
+038.00
+038.00
+037.96
+037.98
+037.87
+037.82
+037.78
+037.78
+037.85
+037.63
+037.63
+037.38
+037.43
+037.29
+037.31
+037.33
+037.37
+037.25
+037.13
+037.23
+037.11
+037.14
+037.08
+036.93
+036.80
+036.86
+036.84
+036.75
+036.78
+036.77
+036.70
+036.55
+036.69
+036.56
+036.52
+036.63
+036.50
+036.38
+036.44
+036.31
+036.39
+036.34
+036.20
+036.15
+036.33
+036.30
+036.21
+036.08
+036.17
+036.11
+036.10
+036.04
+035.95
+035.80
+035.97
+035.70
+035.59
+035.68
+035.72
+035.64
+035.68
+035.46
+035.52
+035.52
+035.57
+035.46
+035.36
+035.44
+035.44
+035.25
+035.16
+035.19
+035.37
+035.26
+035.13
+035.11
+035.13
+035.03
+035.14
+035.06
+035.03
+035.03
+034.91
+035.00
+034.92
+034.85
+034.75
+034.80
+034.73
+034.67
+034.79
+034.68
+034.54
+034.52
+034.64
+034.70
+034.55
+034.54
+034.45
+034.52
+034.46
+034.32
+034.32
+034.32
+034.27
+034.38
+034.29
+034.41
+034.17
+034.30
+034.05
+034.13
+034.05
+034.19
+034.18
+034.17
+033.93
+034.01
+034.01
+033.92
+033.95
+033.89
+034.01
+034.02
+033.84
+033.90
+033.94
+033.86
+033.96
+033.80
+033.81
+033.89
+033.81
+033.62
+033.67
+033.58
+033.63
+033.56
+033.54
+033.61
+033.57
+033.63
+033.60
+033.44
+033.57
+033.40
+033.44
+033.45
+033.47
+033.23
+033.31
+033.26
+033.40
+033.32
+033.20
+033.24
+033.35
+033.37
+033.15
+033.20
+033.17
+033.16
+033.25
+033.15
+033.05
+033.13
+033.15
+033.08
+033.07
+033.08
+033.15
+032.94
+033.14
+032.96
+032.92
+032.94
+033.08
+032.88
+032.94
+032.90
+032.85
+032.81
+032.92
+032.69
+032.89
+032.80
+032.71
+032.69
+032.74
+032.74
+032.61
+032.73
+032.79
+032.64
+032.59
+032.59
+032.54
+032.59
+032.61
+032.48
+032.49
+032.57
+032.48
+032.46
+032.65
+032.50
+032.56
+032.50
+032.44
+032.61
+032.57
+032.29
+032.48
+032.35
+032.40
+032.32
+032.38
+032.33
+032.27
+032.35
+032.28
+032.45
+032.30
+032.45
+032.23
+032.16
+032.20
+032.14
+032.21
+032.18
+032.10
+032.17
+032.09
+032.07
+032.14
+032.06
+032.16
+032.16
+031.90
+031.99
+032.04
+032.09
+032.04
+032.00
+032.06
+032.01
+031.84
+031.97
+031.91
+031.89
+032.00
+031.84
+031.93
+032.00
+031.86
+031.92
+031.95
+031.77
+031.89
+031.94
+031.70
+031.72
+031.82
+031.80
+031.64
+031.84
+031.74
+031.62
+031.70
+031.70
+031.73
+031.73
+031.59
+031.73
+031.64
+031.70
+031.66
+031.60
+031.69
+031.66
+031.65
+031.67
+031.63
+031.56
+031.58
+031.50
+031.54
+031.53
+031.65
+031.53
+031.58
+031.49
+031.42
+031.43
+031.50
+031.60
+031.57
+031.46
+031.45
+031.35
+031.32
+031.45
+031.39
+031.40
+031.40
+031.38
+031.30
+031.33
+031.31
+031.31
+031.33
+031.37
+031.30
+031.21
+031.21
+031.36
+031.36
+031.39
+031.22
+031.13
+031.28
+031.24
+031.36
+031.18
+031.40
+031.24
+031.20
+031.21
+031.00
+031.31
+031.07
+031.33
+031.22
+031.21
+031.23
+031.07
+031.23
+031.21
+031.08
+031.06
+031.17
+031.18
+031.06
+030.96
+031.23
+031.17
+031.12
+031.00
+031.04
+031.21
+030.98
+031.10
+030.99
+031.10
+031.09
+031.12
+030.99
+031.06
+030.94
+030.92
+031.07
+031.02
+030.99
+031.02
+030.96
+030.90
+030.89
+030.80
+030.92
+030.90
+030.93
+031.01
+030.95
+030.92
+030.91
+030.88
+030.93
+030.96
+030.87
+030.84
+030.76
+030.96
+030.91
+030.90
+030.89
+030.91
+030.84
+030.78
+030.93
+030.90
+030.87
+030.87
+030.86
+030.87
+030.85
+030.73
+030.77
+030.83
+030.79
+030.77
+030.75
+030.87
+030.82
+030.87
+030.87
+030.65
+030.68
+030.84
+030.78
+030.71
+030.55
+030.69
+030.82
+030.69
+030.71
+030.72
+030.68
+030.80
+030.65
+030.65
+030.65
+030.64
+030.64
+030.69
+030.67
+030.63
+030.66
+030.73
+030.63
+030.76
+030.69
+030.54
+030.69
+030.69
+030.57
+030.58
+030.42
+030.57
+030.65
+030.61
+030.68
+030.58
+030.59
+030.59
+030.57
+030.63
+030.40
+030.51
+030.51
+030.51
+030.66
+030.61
+030.68
+030.66
+030.59
+030.54
+030.37
+030.34+030.40
+030.40
+030.46
+030.40
+030.23
+030.45
+030.32
+030.39
+030.52
+030.52
+030.48
+030.42
+030.36
+030.47
+030.45
+030.44
+030.53
+030.44
+030.42
+030.43
+030.38
+030.31
+030.30
+030.27
+030.39
+030.34
+030.36
+030.44
+030.39
+030.40
+030.20
+030.38
+030.37
+030.33
+030.26
+030.30
+030.37
+030.39
+030.38
+030.31
+030.28
+030.33
+030.35
+030.39
+030.31
+030.32
+030.28
+030.23
+030.24
+030.36
+030.30
+030.30
+030.36
+030.38
+030.39
+030.07
+030.35
+030.31
+030.14
+030.29
+030.31
+030.27
+030.34
+030.16
+030.37
+030.27
+030.26
+030.41
+030.26
+030.23
+030.16
+030.19
+030.28
+030.21
+030.24
+030.24
+030.27
+030.18
+030.19
+030.14
+030.13
+030.18
+030.27+029.66
+029.89
+029.78
+029.85
+029.76
+029.81
+029.92
+029.82
+029.81
+029.74
+029.93
+029.72
+029.83
+029.69
+029.71
+029.69
+029.82
+029.84
+029.85
+029.68
+029.67
+029.70
+029.62
+029.82
+029.98
+029.87
+029.78
+029.73
+029.73
+029.78
+029.74
+029.83
+029.87
+029.70
+029.75
+029.86
+029.76
+029.72
+029.86
+029.59
+029.82
+029.71
+029.64
+030.00
+029.70
+029.80
+029.75
+029.81
+029.66
+029.81
+029.70
+029.86
+029.77
+029.78
+029.77
+029.85
+029.79
+029.72
+029.77
+029.74
+029.75
+029.73
+029.80
+029.70
+029.85
+029.90
+029.76
+029.79
+029.71
+029.76
+029.67
+029.79
+029.66
+029.67
+029.80
+029.69
+029.67
+029.62
+029.71
+029.83
+029.77
+029.72
+029.69
+029.80
+029.67
+029.68
+029.69
+029.64